14.705119132995605
14.256121635437012
13.878701210021973
13.378813743591309
13.413809776306152
13.247882843017578
12.906415939331055
12.621602058410645
12.30815315246582
12.068877220153809
11.835371017456055
11.63772964477539
11.556112289428711
11.490147590637207
11.395004272460938
11.298507690429688
11.185346603393555
11.062088012695312
10.990306854248047
10.885577201843262
10.783854484558105
10.7643461227417
10.710128784179688
10.658970832824707
10.630005836486816
10.61093521118164
10.579886436462402
10.544245719909668
10.501822471618652
10.470354080200195
10.4453706741333
10.435585021972656
10.429788589477539
10.39079761505127
10.35988998413086
10.334436416625977
10.286208152770996
10.253691673278809
10.241405487060547
10.215648651123047
10.175602912902832
10.163818359375
10.152073860168457
10.127731323242188
10.104865074157715
10.084822654724121
10.067849159240723
10.055551528930664
10.019075393676758
9.985918045043945
9.967573165893555
9.945015907287598
9.939518928527832
9.926992416381836
9.90896987915039
9.888712882995605
9.883362770080566
9.87260913848877
9.855562210083008
9.833320617675781
9.826233863830566
9.814526557922363
9.799138069152832
9.794044494628906
9.78438949584961
9.768173217773438
9.750093460083008
9.747650146484375
9.735426902770996
9.721955299377441
9.710807800292969
9.69466495513916
9.682945251464844
9.67318058013916
9.644416809082031
9.645442008972168
9.640981674194336
9.630772590637207
9.62183666229248
9.627527236938477
9.631388664245605
9.627655029296875
9.616742134094238
9.615612030029297
9.60428237915039
9.591668128967285
9.58858585357666
9.5858154296875
9.582189559936523
9.579248428344727
9.578608512878418
9.57419490814209
9.566854476928711
9.563943862915039
9.555892944335938
9.54980754852295
9.549394607543945
9.546416282653809
9.542119026184082
9.529541969299316
9.521294593811035
9.512655258178711
9.508763313293457
9.505474090576172
9.50223159790039
9.497584342956543
9.498929023742676
9.497152328491211
9.49477481842041
9.483840942382812
9.468376159667969
9.461724281311035
9.457193374633789
9.450725555419922
9.4490966796875
9.44326400756836
9.439833641052246
9.436960220336914
9.433683395385742
9.432039260864258
9.426615715026855
9.42261791229248
9.418872833251953
9.41379165649414
9.415778160095215
9.415888786315918
9.41014289855957
9.394479751586914
9.390325546264648
9.391223907470703
9.388689041137695
9.386214256286621
9.387792587280273
9.38802433013916
9.375395774841309
9.36880111694336
9.361320495605469
9.360188484191895
9.363478660583496
9.364423751831055
9.362494468688965
9.360910415649414
9.358634948730469
9.358126640319824
9.360650062561035
9.356568336486816
9.349553108215332
9.345634460449219
9.343323707580566
9.34424114227295
9.345268249511719
9.337628364562988
9.337432861328125
9.336472511291504
9.329489707946777
9.318954467773438
9.315469741821289
9.310047149658203
9.309197425842285
9.307443618774414
9.306198120117188
9.299300193786621
9.297425270080566
9.295701026916504
9.285518646240234
9.28412914276123
9.282084465026855
9.279351234436035
9.273153305053711
9.274232864379883
9.272741317749023
9.270903587341309
9.2652006149292
9.262407302856445
9.260459899902344
9.260149002075195
9.258688926696777
9.259081840515137
9.248642921447754
9.246138572692871
9.24686050415039
9.238324165344238
9.236383438110352
9.235472679138184
9.229273796081543
9.226463317871094
9.218941688537598
9.21406078338623
9.212126731872559
9.206464767456055
9.192025184631348
9.189530372619629
9.186058044433594
9.184002876281738
9.180307388305664
9.177431106567383
9.174516677856445
9.173709869384766
9.173629760742188
9.179841041564941
9.179157257080078
9.172983169555664
9.17465591430664
9.175477027893066
9.17294979095459
9.170934677124023
9.17010498046875
9.17087173461914
9.167851448059082
9.169132232666016
9.166717529296875
9.165541648864746
9.165730476379395
9.166328430175781
9.164809226989746
9.159440040588379
9.159380912780762
9.156999588012695
9.149066925048828
9.146310806274414
9.145517349243164
9.141220092773438
9.140979766845703
9.138736724853516
9.137258529663086
9.13672161102295
9.137781143188477
9.135831832885742
9.136332511901855
9.13509750366211
9.131730079650879
9.122987747192383
9.123525619506836
9.128253936767578
9.126004219055176
9.125411033630371
9.126158714294434
9.123127937316895
9.11939811706543
9.11142635345459
9.111702919006348
9.10957145690918
9.11164379119873
9.10580825805664
9.101420402526855
9.099504470825195
9.097126960754395
9.09695816040039
9.094742774963379
9.092090606689453
9.090566635131836
9.090938568115234
9.089696884155273
9.088826179504395
9.087059020996094
9.086194038391113
9.084257125854492
9.081664085388184
9.078600883483887
9.0753812789917
9.074177742004395
9.072717666625977
9.071869850158691
9.072346687316895
9.071764945983887
9.069210052490234
9.065719604492188
9.059950828552246
9.058586120605469
9.056965827941895
9.05566692352295
9.0562744140625
9.052923202514648
9.046979904174805
9.044886589050293
9.04150390625
9.039094924926758
9.038737297058105
9.03715705871582
9.035612106323242
9.034286499023438
9.031533241271973
9.031900405883789
9.023359298706055
9.022310256958008
9.019378662109375
9.01385498046875
9.002755165100098
9.002689361572266
8.998534202575684
8.996068954467773
8.993633270263672
8.994349479675293
8.988554000854492
8.985391616821289
8.980949401855469
8.976723670959473
8.972525596618652
8.964608192443848
8.960711479187012
8.954634666442871
8.951353073120117
8.951396942138672
8.947052001953125
8.947223663330078
8.943829536437988
8.939583778381348
8.937448501586914
8.935664176940918
8.933713912963867
8.932013511657715
8.931666374206543
8.927034378051758
8.925240516662598
8.919079780578613
8.917423248291016
8.915675163269043
8.914355278015137
8.908981323242188
8.906403541564941
8.905028343200684
8.903620719909668
8.894524574279785
8.89289665222168
8.892382621765137
8.88453483581543
8.88240909576416
8.875967025756836
8.874249458312988
8.871783256530762
8.867283821105957
8.86367130279541
8.861351013183594
8.8617525100708
8.863702774047852
8.859979629516602
8.859947204589844
8.859821319580078
8.857492446899414
8.856487274169922
8.852787017822266
8.847148895263672
8.844904899597168
8.840213775634766
8.839757919311523
8.840069770812988
8.833621978759766
8.830862045288086
8.825119972229004
8.824304580688477
8.821693420410156
8.820063591003418
8.819250106811523
8.818055152893066
8.815690994262695
8.815206527709961
8.813509941101074
8.812387466430664
8.806615829467773
8.80446720123291
8.801154136657715
8.80066967010498
8.796625137329102
8.796475410461426
8.796521186828613
8.797013282775879
8.797114372253418
8.793354034423828
8.791959762573242
8.792337417602539
8.787055969238281
8.785616874694824
8.781661033630371
8.781074523925781
8.778743743896484
8.777715682983398
8.773388862609863
8.772154808044434
8.769551277160645
8.767321586608887
8.76717758178711
8.766458511352539
8.763154983520508
8.760597229003906
8.757417678833008
8.753008842468262
8.749051094055176
8.74226188659668
8.738897323608398
8.737223625183105
8.73488998413086
8.73412799835205
8.73225212097168
8.73145866394043
8.729214668273926
8.72555923461914
8.724531173706055
8.719898223876953
8.716231346130371
8.712676048278809
8.710710525512695
8.70868968963623
8.708477973937988
8.705728530883789
8.697343826293945
8.693853378295898
8.687609672546387
8.686742782592773
8.684903144836426
8.67772102355957
8.676229476928711
8.672372817993164
8.669251441955566
8.666556358337402
8.664766311645508
8.662860870361328
8.660191535949707
8.657036781311035
8.655972480773926
8.654897689819336
8.650062561035156
8.643922805786133
8.639983177185059
8.636838912963867
8.637749671936035
8.636191368103027
8.635026931762695
8.631258964538574
8.627155303955078
8.623627662658691
8.621641159057617
8.622296333312988
8.622164726257324
8.618408203125
8.615789413452148
8.613937377929688
8.609696388244629
8.608254432678223
8.60501480102539
8.603235244750977
8.60222339630127
8.601038932800293
8.59907054901123
8.597699165344238
8.597363471984863
8.596480369567871
8.59167194366455
8.589839935302734
8.588578224182129
8.587087631225586
8.587149620056152
8.586691856384277
8.579307556152344
8.580256462097168
8.576873779296875
8.574760437011719
8.566689491271973
8.56399154663086
8.562634468078613
8.559616088867188
8.554444313049316
8.551698684692383
8.550768852233887
8.55030632019043
8.547698974609375
8.54536247253418
8.54252815246582
8.541301727294922
8.538199424743652
8.535162925720215
8.530508995056152
8.523744583129883
8.522607803344727
8.518681526184082
8.517200469970703
8.515728950500488
8.512609481811523
8.50917911529541
8.505821228027344
8.50151538848877
8.499422073364258
8.496393203735352
8.494311332702637
8.492579460144043
8.490809440612793
8.486598014831543
8.488016128540039
8.486332893371582
8.485163688659668
8.484533309936523
8.482908248901367
8.481732368469238
8.48132610321045
8.479144096374512
8.476532936096191
8.47500991821289
8.471030235290527
8.471015930175781
8.47033405303955
8.468435287475586
8.464454650878906
8.460919380187988
8.458805084228516
8.45722484588623
8.453962326049805
8.446510314941406
8.437609672546387
8.43779182434082
8.43574047088623
8.434654235839844
8.434359550476074
8.435190200805664
8.433563232421875
8.431709289550781
8.430207252502441
8.42796516418457
8.426198959350586
8.424924850463867
8.423443794250488
8.422743797302246
8.420945167541504
8.419589042663574
8.41772174835205
8.414886474609375
8.411893844604492
8.409082412719727
8.408049583435059
8.40481948852539
8.403719902038574
8.39989948272705
8.398167610168457
8.39775562286377
8.394449234008789
8.39291000366211
8.391366958618164
8.390620231628418
8.389142990112305
8.386555671691895
8.38426685333252
8.381987571716309
8.379307746887207
8.377671241760254
8.375826835632324
8.371413230895996
8.369211196899414
8.366196632385254
8.364420890808105
8.362724304199219
8.361434936523438
8.360393524169922
8.358333587646484
8.356407165527344
8.356188774108887
8.353882789611816
8.350503921508789
8.348339080810547
8.344596862792969
8.34127140045166
8.33963394165039
6.6300225257873535
6.928240776062012
6.98529052734375
6.946465492248535
7.0145487785339355
7.053682804107666
7.067265510559082
7.144575119018555
7.1280517578125
7.068631649017334
7.037868499755859
7.076765060424805
6.973151206970215
6.892048358917236
6.9280195236206055
6.924100399017334
6.991639137268066
6.992929935455322
6.999638557434082
6.973694324493408
6.982094764709473
7.0106940269470215
7.047604560852051
7.076134204864502
7.1001129150390625
7.10420036315918
7.070547103881836
7.071247577667236
7.081192493438721
7.070712566375732
7.00739860534668
7.020671367645264
7.042628765106201
7.05558967590332
7.075601577758789
7.061849117279053
7.0750732421875
7.074714660644531
7.079428672790527
7.056475639343262
7.060293674468994
7.046072006225586
7.047319412231445
7.028581619262695
7.026401042938232
7.038940906524658
7.048374652862549
7.040539741516113
7.046546936035156
7.035776615142822
7.019478797912598
7.025442123413086
7.005954742431641
6.971945762634277
6.968886852264404
6.9742584228515625
6.985186576843262
6.97462797164917
6.9334187507629395
6.93494987487793
6.936070442199707
6.950392246246338
6.959468841552734
6.973477840423584
6.985741138458252
6.944633483886719
6.950246810913086
6.950083255767822
6.957722187042236
6.947759628295898
6.954031467437744
6.946047782897949
6.951534271240234
6.957681655883789
6.961552619934082
6.962762355804443
6.970881938934326
6.963691711425781
6.970172882080078
6.973503589630127
6.964670181274414
6.957158088684082
6.948753356933594
6.955219745635986
6.953003406524658
6.9573893547058105
6.957075119018555
6.964099407196045
6.974144458770752
6.9806108474731445
6.983761310577393
6.977636814117432
6.9750165939331055
6.977106094360352
6.980007171630859
6.962031364440918
6.955570220947266
6.9444756507873535
6.947833061218262
6.943223476409912
6.946039199829102
6.939889430999756
6.942525863647461
6.9150471687316895
6.918278217315674
6.91070556640625
6.918696880340576
6.918407440185547
6.914205074310303
6.891536235809326
6.888548851013184
6.891115188598633
6.885593891143799
6.888216495513916
6.8891777992248535
6.906167030334473
6.908349514007568
6.911011695861816
6.907021522521973
6.901983737945557
6.901759147644043
6.898573875427246
6.901404857635498
6.896879196166992
6.903737545013428
6.906425476074219
6.909914016723633
6.917531490325928
6.906776428222656
6.915683269500732
6.90960693359375
6.912067890167236
6.903753280639648
6.909507751464844
6.911548614501953
6.915729522705078
6.906296253204346
6.905372619628906
6.909764766693115
6.917966842651367
6.916810035705566
6.905968189239502
6.908936500549316
6.903876304626465
6.906051158905029
6.904610633850098
6.905871391296387
6.899904727935791
6.8978753089904785
6.895563125610352
6.896046161651611
6.896944046020508
6.897371768951416
6.892186641693115
6.891317367553711
6.891097545623779
6.88773250579834
6.87770938873291
6.871731758117676
6.870659828186035
6.867692947387695
6.866481781005859
6.868807315826416
6.871002674102783
6.873081684112549
6.874890327453613
6.87225341796875
6.87127161026001
6.87078857421875
6.875507831573486
6.8700032234191895
6.8747334480285645
6.86114501953125
6.857010364532471
6.850557327270508
6.84920072555542
6.852659702301025
6.857134819030762
6.857999324798584
6.856258392333984
6.858278751373291
6.856810569763184
6.857149124145508
6.852506160736084
6.85132360458374
6.848025321960449
6.833648204803467
6.832431793212891
6.83551549911499
6.840489864349365
6.845611095428467
6.843801021575928
6.845778942108154
6.839383602142334
6.84361457824707
6.843263626098633
6.845952987670898
6.846843719482422
6.850358486175537
6.8556671142578125
6.856404781341553
6.851580619812012
6.849923133850098
6.8489532470703125
6.845424175262451
6.848805904388428
6.8461833000183105
6.844732761383057
6.841933727264404
6.83992338180542
6.841428279876709
6.840580463409424
6.83843469619751
6.839025497436523
6.841888904571533
6.841335773468018
6.83212423324585
6.834081649780273
6.8329668045043945
6.832498073577881
6.833054542541504
6.828184127807617
6.826897621154785
6.830862522125244
6.820899486541748
6.822035312652588
6.821743965148926
6.821565628051758
6.820652484893799
6.820855140686035
6.8159918785095215
6.811805248260498
6.811410427093506
6.804055690765381
6.799623966217041
6.799531936645508
6.8003129959106445
6.797550678253174
6.800139427185059
6.801322937011719
6.79758358001709
6.798375606536865
6.795002460479736
6.79684591293335
6.802923679351807
6.804020881652832
6.797420501708984
6.793858528137207
6.792119026184082
6.792809009552002
6.7913970947265625
6.794373035430908
6.794273376464844
6.795197486877441
6.79560661315918
6.797340393066406
6.798690319061279
6.795354843139648
6.797820568084717
6.7983198165893555
6.795508861541748
6.792879581451416
6.787498950958252
6.78763484954834
6.782700061798096
6.782688140869141
6.783048152923584
6.777565956115723
6.775524139404297
6.772432327270508
6.772767543792725
6.775105953216553
6.777078628540039
6.773306369781494
6.773827075958252
6.773341178894043
6.771399974822998
6.769296646118164
6.756254196166992
6.7607502937316895
6.758491516113281
6.757762908935547
6.754091739654541
6.753129005432129
6.754852294921875
6.753306865692139
6.751820087432861
6.753410816192627
6.754186630249023
6.757138252258301
6.752156734466553
6.750103950500488
6.749425888061523
6.748143672943115
6.748912334442139
6.7507243156433105
6.7501044273376465
6.751583576202393
6.7540059089660645
6.754422187805176
6.75601053237915
6.755637168884277
6.755491256713867
6.755215644836426
6.754288196563721
6.755593776702881
6.757784366607666
6.760324954986572
6.7619547843933105
6.761516571044922
6.761287689208984
6.7615437507629395
6.760286331176758
6.757853031158447
6.756660461425781
6.756704330444336
6.757136344909668
6.758060932159424
6.754803657531738
6.7542572021484375
6.751380443572998
6.752686023712158
6.751837730407715
6.7497878074646
6.750958442687988
6.750489711761475
6.750704765319824
6.7522711753845215
6.751215934753418
6.752823352813721
6.7543182373046875
6.7544755935668945
6.750589370727539
6.74761438369751
6.745816230773926
6.744541645050049
6.74500036239624
6.745086193084717
6.746906280517578
6.745176792144775
6.743105411529541
6.743957042694092
6.740790367126465
6.736111164093018
6.73737907409668
6.736141204833984
6.733280181884766
6.731222629547119
6.731122970581055
6.728709697723389
6.729933261871338
6.730908393859863
6.731054306030273
6.730942726135254
6.732649803161621
6.732990264892578
6.733976364135742
6.732304096221924
6.7318339347839355
6.733022212982178
6.731565952301025
6.732123851776123
6.7327704429626465
6.733852863311768
6.736040115356445
6.735361576080322
6.731752395629883
6.7341227531433105
6.735101222991943
6.735151767730713
6.735617160797119
6.733737468719482
6.735084533691406
6.7298078536987305
6.724128246307373
6.723273754119873
6.718270301818848
6.720880508422852
6.722562313079834
6.723038196563721
6.722980499267578
6.71967077255249
6.720190525054932
6.720004081726074
6.71870231628418
6.716029644012451
6.716055393218994
6.716477870941162
6.713806629180908
6.713168621063232
6.711264610290527
6.71259069442749
6.709724426269531
6.706462860107422
6.698907852172852
6.701305866241455
6.697304725646973
6.6977009773254395
6.6982574462890625
6.6993088722229
6.700580596923828
6.700949192047119
6.698805809020996
6.696376323699951
6.695523738861084
6.697267532348633
6.699122428894043
6.695841312408447
6.6916046142578125
6.692275047302246
6.69320821762085
6.692573547363281
6.691009521484375
6.690877914428711
6.691866874694824
6.692262172698975
6.6896843910217285
6.688523769378662
6.687615871429443
6.6882758140563965
6.687651634216309
6.682573318481445
6.68217134475708
6.679551124572754
6.679135799407959
6.676997661590576
6.677260398864746
6.672141075134277
6.671914100646973
6.669875144958496
6.666026592254639
6.665439605712891
6.669386863708496
6.667920112609863
6.668184280395508
6.665498733520508
6.665334701538086
6.663853645324707
6.6631083488464355
6.660787582397461
6.657594680786133
6.658499717712402
6.65710973739624
6.656951904296875
6.655684947967529
6.65464973449707
6.653837203979492
6.65329122543335
6.652657508850098
6.647521018981934
6.646671772003174
6.645224571228027
6.6431097984313965
6.638586044311523
6.634317398071289
6.634700775146484
6.633357048034668
6.634116172790527
6.634786128997803
6.635040283203125
6.634130001068115
6.6325883865356445
6.63499641418457
6.633796215057373
6.6337571144104
6.6332688331604
6.631838321685791
6.631031513214111
6.628722190856934
6.627320289611816
6.62644100189209
6.624568462371826
6.6241960525512695
6.6228227615356445
6.622209548950195
6.621683120727539
6.621493339538574
6.62157678604126
6.618959903717041
6.61482048034668
6.611259937286377
6.609049320220947
6.604824066162109
6.601781845092773
6.599825382232666
6.598248481750488
6.596436500549316
6.5943827629089355
6.593898773193359
6.592740535736084
6.5912604331970215
6.590986728668213
6.58897066116333
6.584669589996338
6.583777904510498
6.582664966583252
6.580225944519043
6.57861328125
6.578558444976807
6.57600212097168
6.577132701873779
6.575865268707275
6.574155807495117
6.571742534637451
6.571656703948975
6.570858955383301
6.570320129394531
6.568089962005615
6.567485809326172
6.565314769744873
6.564436435699463
6.563720226287842
6.563048362731934
6.5605854988098145
6.558063507080078
6.556728839874268
6.555078029632568
6.554218292236328
6.552211761474609
6.55122709274292
6.5472731590271
6.543025493621826
6.540940761566162
6.542399883270264
6.539970874786377
6.538405418395996
6.537642002105713
6.536156177520752
6.533897399902344
6.532145977020264
6.531118869781494
6.524844169616699
6.52134895324707
6.51668119430542
6.515277862548828
6.512570381164551
6.508411407470703
6.507333755493164
6.503047943115234
6.499286651611328
6.49924898147583
6.498421669006348
6.495142459869385
6.491323947906494
6.490600109100342
6.49022102355957
6.489696979522705
6.488155841827393
6.483182430267334
6.481497287750244
6.480188846588135
6.476096153259277
6.473819255828857
6.471858501434326
6.466848373413086
6.464946269989014
6.463903427124023
6.460829734802246
6.459018230438232
3.4307339191436768
4.3220109939575195
4.383006572723389
4.837940692901611
4.9926438331604
4.955469608306885
5.025524139404297
5.000294208526611
5.035326957702637
5.045374393463135
5.051258563995361
5.066502571105957
5.010627746582031
5.04331636428833
4.980213642120361
4.967057228088379
4.956470489501953
4.9731926918029785
4.971977233886719
4.95305871963501
4.958298206329346
4.937686920166016
4.970400810241699
4.991636753082275
4.981423854827881
4.987792015075684
4.981970310211182
5.016785144805908
4.995439052581787
5.003163814544678
4.9996490478515625
4.963223457336426
4.949627876281738
4.955789566040039
4.945734024047852
4.942459583282471
4.941662788391113
4.963289737701416
4.932453155517578
4.938961505889893
4.94252347946167
4.927695274353027
4.9440836906433105
4.953922748565674
4.947082042694092
4.927960395812988
4.913664817810059
4.871737957000732
4.877289772033691
4.879374980926514
4.890933990478516
4.8966593742370605
4.882855415344238
4.88956880569458
4.882968425750732
4.888791561126709
4.855928421020508
4.861239910125732
4.864099979400635
4.8662333488464355
4.8590087890625
4.868447780609131
4.844043731689453
4.845734119415283
4.845348358154297
4.847809791564941
4.829570770263672
4.828677177429199
4.830393314361572
4.831653118133545
4.84443998336792
4.838123321533203
4.839719295501709
4.818005084991455
4.818968296051025
4.824481964111328
4.824851989746094
4.8317790031433105
4.8334760665893555
4.8358049392700195
4.841371536254883
4.844367027282715
4.848215579986572
4.832442760467529
4.834190845489502
4.82913875579834
4.813891410827637
4.817479610443115
4.828033924102783
4.835404396057129
4.839995861053467
4.84652853012085
4.852540493011475
4.828303813934326
4.840548515319824
4.847516059875488
4.849495887756348
4.8491411209106445
4.851446151733398
4.854414463043213
4.847719669342041
4.845701694488525
4.852204322814941
4.851351737976074
4.843991279602051
4.844707489013672
4.845722198486328
4.845780372619629
4.863289833068848
4.862586975097656
4.867523193359375
4.868399143218994
4.868962287902832
4.865052223205566
4.867497444152832
4.872037410736084
4.864086627960205
4.854738235473633
4.853873252868652
4.839533805847168
4.8379621505737305
4.84244966506958
4.838744640350342
4.837467670440674
4.827731132507324
4.819552898406982
4.818699836730957
4.819282531738281
4.814554691314697
4.808894157409668
4.807541847229004
4.80598783493042
4.807450294494629
4.8068647384643555
4.811439037322998
4.802221298217773
4.800756454467773
4.80230712890625
4.801552772521973
4.798182964324951
4.795008659362793
4.7976226806640625
4.795288562774658
4.788284778594971
4.789615154266357
4.790064811706543
4.792623996734619
4.794129848480225
4.792473793029785
4.797647953033447
4.791451930999756
4.7888407707214355
4.79366397857666
4.787649154663086
4.782332420349121
4.77874231338501
4.776184558868408
4.7837371826171875
4.784707546234131
4.775505065917969
4.766807556152344
4.7645978927612305
4.762131214141846
4.753658771514893
4.749165058135986
4.7468581199646
4.74978494644165
4.750523567199707
4.746870040893555
4.7314043045043945
4.727349758148193
4.729609489440918
4.731734275817871
4.723446846008301
4.725543022155762
4.726414203643799
4.720871448516846
4.721268177032471
4.720620155334473
4.7197489738464355
4.719493865966797
4.721751689910889
4.719886302947998
4.722566604614258
4.715013027191162
4.710904598236084
4.703568458557129
4.700494289398193
4.700948238372803
4.700547695159912
4.693922996520996
4.687913417816162
4.680346488952637
4.6817851066589355
4.679460048675537
4.676937103271484
4.675700664520264
4.674142837524414
4.678366661071777
4.677114963531494
4.671209335327148
4.670495986938477
4.669844150543213
4.666138648986816
4.663887023925781
4.663619041442871
4.655778408050537
4.655372619628906
4.6551833152771
4.656047344207764
4.6561384201049805
4.654675483703613
4.653738975524902
4.655028820037842
4.650176048278809
4.652194976806641
4.6528730392456055
4.651435852050781
4.651534080505371
4.654713153839111
4.654841423034668
4.655797004699707
4.655638694763184
4.655387878417969
4.6569671630859375
4.652310371398926
4.648813724517822
4.648341655731201
4.641066551208496
4.64249324798584
4.642768859863281
4.644925594329834
4.6522135734558105
4.645666599273682
4.639945983886719
4.6416521072387695
4.637535095214844
4.635987281799316
4.6364288330078125
4.632016658782959
4.626572608947754
4.625938892364502
4.624016761779785
4.615701198577881
4.61142635345459
4.60778284072876
4.607705593109131
4.605566501617432
4.60808801651001
4.6110429763793945
4.60707426071167
4.606028079986572
4.606992244720459
4.609524250030518
4.607496738433838
4.60643196105957
4.6048173904418945
4.600684642791748
4.598680019378662
4.594803810119629
4.596590995788574
4.591936111450195
4.589211940765381
4.586770057678223
4.584587574005127
4.587745666503906
4.58496618270874
4.577671527862549
4.572566986083984
4.569603443145752
4.574033737182617
4.570339679718018
4.571810245513916
4.570126533508301
4.565968036651611
4.565051078796387
4.5620198249816895
4.563554286956787
4.566214084625244
4.566596984863281
4.5686354637146
4.562754154205322
4.561336994171143
4.563870906829834
4.566370010375977
4.564444065093994
4.562487602233887
4.565871715545654
4.565553188323975
4.563647747039795
4.561079502105713
4.55903434753418
4.557782173156738
4.55359411239624
4.554582595825195
4.551537036895752
4.551425457000732
4.549180030822754
4.545053482055664
4.5454511642456055
4.544768333435059
4.545674800872803
4.545490264892578
4.542823791503906
4.542163848876953
4.543415546417236
4.543272018432617
4.541121959686279
4.538121700286865
4.5365777015686035
4.534679889678955
4.534577369689941
4.533095359802246
4.531519889831543
4.532004356384277
4.532593727111816
4.530606269836426
4.526103496551514
4.528334140777588
4.528666019439697
4.52644157409668
4.524611949920654
4.525336265563965
4.522085189819336
4.521636009216309
4.520350933074951
4.5203471183776855
4.518165111541748
4.517192840576172
4.517184257507324
4.516696929931641
4.517418384552002
4.514481067657471
4.513444900512695
4.512375831604004
4.511094570159912
4.507631301879883
4.506175994873047
4.507263660430908
4.505919933319092
4.506646633148193
4.507354259490967
4.506867408752441
4.504451274871826
4.504520893096924
4.5030670166015625
4.5006422996521
4.497391223907471
4.494461536407471
4.495462417602539
4.492318630218506
4.489100456237793
4.4888715744018555
4.488254070281982
4.487616539001465
4.485368728637695
4.48516845703125
4.483814239501953
4.482478618621826
4.482063293457031
4.479414939880371
4.477175235748291
4.476904392242432
4.4724016189575195
4.470015048980713
4.470111846923828
4.469142436981201
4.46602201461792
4.465180397033691
4.464675426483154
4.4634881019592285
4.460781097412109
4.460171222686768
4.458709716796875
4.457454204559326
4.4584641456604
4.458893299102783
4.458252429962158
4.458643436431885
4.458009243011475
4.456146717071533
4.453276634216309
4.452797889709473
4.452162265777588
4.453391075134277
4.451720237731934
4.451450347900391
4.450766086578369
4.450319290161133
4.44991397857666
4.444212913513184
4.442345142364502
4.440861225128174
4.440370082855225
4.439017295837402
4.438374996185303
4.437636375427246
4.435100555419922
4.433387756347656
4.432186603546143
4.4310760498046875
4.430720806121826
4.428933620452881
4.4269208908081055
4.426289081573486
4.424516201019287
4.421839714050293
4.422787666320801
4.422422409057617
4.419652462005615
4.419806003570557
4.418875694274902
4.419528007507324
4.419152736663818
4.41721248626709
4.417946815490723
4.417863845825195
4.418598651885986
4.415977954864502
4.415547847747803
4.414822101593018
4.4153313636779785
4.414956569671631
4.413121223449707
4.412479400634766
4.413142681121826
4.412303924560547
4.412643909454346
4.411735534667969
4.411014080047607
4.410440444946289
4.41029691696167
4.406463146209717
4.406433582305908
4.404658794403076
4.403901100158691
4.401926040649414
4.401799201965332
4.401163101196289
4.3999176025390625
4.399478912353516
4.397608757019043
4.39419412612915
4.3912248611450195
4.391843318939209
4.391842365264893
4.392576694488525
4.393064975738525
4.389732837677002
4.389785289764404
4.389623165130615
4.3877973556518555
4.381877422332764
4.382130146026611
4.3811774253845215
4.381861686706543
4.383059024810791
4.381810665130615
4.379459857940674
4.377420902252197
4.3739728927612305
4.373935222625732
4.375046253204346
4.374055862426758
4.373246192932129
4.373078346252441
4.367551326751709
4.366207599639893
4.365185737609863
4.3653411865234375
4.366064548492432
4.365616798400879
4.365493297576904
4.365591049194336
4.3654279708862305
4.365058422088623
4.364778995513916
4.363779544830322
4.360193729400635
4.355774879455566
4.354694843292236
4.351843357086182
4.350616931915283
4.349362850189209
4.347650051116943
4.344878196716309
4.344399929046631
4.344376087188721
4.345536231994629
4.346285820007324
4.34794282913208
4.346831798553467
4.345072269439697
4.345660209655762
4.3443522453308105
4.3436713218688965
4.343849182128906
4.342519760131836
4.340755462646484
4.339176177978516
4.337635040283203
4.336060047149658
4.335735321044922
4.3345723152160645
4.3301897048950195
4.329813003540039
4.328677654266357
4.329180717468262
4.328761577606201
4.3266072273254395
4.3264312744140625
4.326621055603027
4.326016426086426
4.324544906616211
4.323397636413574
4.323909282684326
4.3230881690979
4.322481155395508
4.320018291473389
4.319140434265137
4.319565773010254
4.3192667961120605
4.31913423538208
4.319319248199463
4.318485260009766
4.318021297454834
4.315921306610107
4.314958572387695
4.31432580947876
4.315712928771973
4.316345691680908
4.314756870269775
4.310933589935303
4.309823513031006
4.308093547821045
4.307589530944824
4.3066725730896
4.306039333343506
4.3051629066467285
4.305458068847656
4.306267261505127
4.307033061981201
4.3080267906188965
4.307256698608398
4.307260036468506
4.308249473571777
4.307523727416992
4.30897331237793
4.3072967529296875
4.306980609893799
4.3064866065979
4.30681848526001
4.3065361976623535
4.305547714233398
4.3055596351623535
4.304385185241699
4.304957866668701
4.305151462554932
4.304570198059082
4.036010265350342
3.8538994789123535
3.5917909145355225
3.5304582118988037
3.684391736984253
3.7848594188690186
3.7744486331939697
3.7894656658172607
3.7464308738708496
3.7091078758239746
3.651510000228882
3.6725552082061768
3.692387104034424
3.6110386848449707
3.567272424697876
3.523935556411743
3.472429037094116
3.479867458343506
3.4779303073883057
3.498183012008667
3.447521209716797
3.4631564617156982
3.481839179992676
3.4379730224609375
3.4463725090026855
3.4535491466522217
3.377833127975464
3.3709607124328613
3.369603157043457
3.37851619720459
3.3973186016082764
3.3763673305511475
3.3818743228912354
3.383364677429199
3.3700897693634033
3.3676700592041016
3.361071825027466
3.3739089965820312
3.3787145614624023
3.3810293674468994
3.3838775157928467
3.3960654735565186
3.361217737197876
3.371305465698242
3.3856422901153564
3.3878610134124756
3.3943731784820557
3.3496041297912598
3.3605258464813232
3.3551392555236816
3.353668212890625
3.3602828979492188
3.342406988143921
3.3477344512939453
3.3427939414978027
3.341848611831665
3.3558218479156494
3.359912157058716
3.3622219562530518
3.3724706172943115
3.368427038192749
3.370861291885376
3.3729662895202637
3.368084192276001
3.3607749938964844
3.3646981716156006
3.3687050342559814
3.367520332336426
3.3603222370147705
3.3668229579925537
3.3684675693511963
3.3785808086395264
3.375741720199585
3.3734290599823
3.3780035972595215
3.3835196495056152
3.385714292526245
3.388002634048462
3.397233486175537
3.3919613361358643
3.3942184448242188
3.3937923908233643
3.3997726440429688
3.4036004543304443
3.4066572189331055
3.404428720474243
3.4031574726104736
3.4013257026672363
3.4037411212921143
3.403123378753662
3.4042134284973145
3.3952858448028564
3.4018115997314453
3.4021050930023193
3.4075536727905273
3.405778169631958
3.4095027446746826
3.404944896697998
3.401644706726074
3.398930788040161
3.3917348384857178
3.3852670192718506
3.385676145553589
3.3865244388580322
3.3924570083618164
3.3953359127044678
3.392899513244629
3.3879878520965576
3.390601873397827
3.3782334327697754
3.3770546913146973
3.3748581409454346
3.379760503768921
3.3784565925598145
3.3811464309692383
3.3804049491882324
3.3808107376098633
3.375668525695801
3.3758041858673096
3.3727471828460693
3.3686437606811523
3.3723182678222656
3.373910427093506
3.371814489364624
3.3707995414733887
3.3669726848602295
3.3698174953460693
3.378239393234253
3.378234386444092
3.384626865386963
3.389582872390747
3.3923540115356445
3.395878791809082
3.3916473388671875
3.396406888961792
3.4020578861236572
3.4008913040161133
3.4082086086273193
3.409905195236206
3.407958745956421
3.406909942626953
3.411027669906616
3.4099066257476807
3.4066665172576904
3.4117209911346436
3.413769245147705
3.4168012142181396
3.4159810543060303
3.4149160385131836
3.4127249717712402
3.404874801635742
3.409789562225342
3.4128572940826416
3.4100608825683594
3.4112305641174316
3.4021410942077637
3.4020066261291504
3.404351234436035
3.4029455184936523
3.4017908573150635
3.4001364707946777
3.398472547531128
3.3945984840393066
3.3926687240600586
3.393292188644409
3.395653247833252
3.3963992595672607
3.396859645843506
3.396224021911621
3.397459030151367
3.3942553997039795
3.390078067779541
3.387141466140747
3.386272668838501
3.3807637691497803
3.3822896480560303
3.3795766830444336
3.380659580230713
3.3835275173187256
3.3796274662017822
3.377962350845337
3.372954845428467
3.3764700889587402
3.380554437637329
3.381183624267578
3.377004384994507
3.3758628368377686
3.3696417808532715
3.3653793334960938
3.3559250831604004
3.359647750854492
3.365596294403076
3.365090847015381
3.3607327938079834
3.358471632003784
3.3608405590057373
3.3600716590881348
3.3631811141967773
3.3676211833953857
3.3622422218322754
3.3583078384399414
3.357050657272339
3.3560550212860107
3.3584043979644775
3.3545289039611816
3.355384111404419
3.3599984645843506
3.357623338699341
3.3554346561431885
3.3550150394439697
3.3566267490386963
3.3583948612213135
3.3606362342834473
3.36334228515625
3.365691661834717
3.363248348236084
3.3624799251556396
3.363612413406372
3.3650801181793213
3.3642399311065674
3.363126516342163
3.365389347076416
3.3655457496643066
3.366161346435547
3.3706557750701904
3.369832754135132
3.37243390083313
3.374967336654663
3.3733556270599365
3.3730616569519043
3.3720521926879883
3.373753547668457
3.370389223098755
3.3698904514312744
3.3691487312316895
3.364952325820923
3.3641111850738525
3.364224910736084
3.3651163578033447
3.366711378097534
3.3644731044769287
3.3657984733581543
3.3665645122528076
3.3623361587524414
3.3633229732513428
3.3643460273742676
3.363830804824829
3.365438461303711
3.36714768409729
3.3632044792175293
3.370151996612549
3.367696762084961
3.3691585063934326
3.3686959743499756
3.367129325866699
3.3667407035827637
3.3668274879455566
3.366954803466797
3.3665971755981445
3.3685860633850098
3.3669066429138184
3.3686301708221436
3.365556478500366
3.3624167442321777
3.363029718399048
3.363788604736328
3.3642971515655518
3.360698699951172
3.361079692840576
3.362484931945801
3.3656997680664062
3.366532564163208
3.3663976192474365
3.363281488418579
3.3652021884918213
3.3674516677856445
3.3684017658233643
3.3641107082366943
3.361403465270996
3.359361171722412
3.35783052444458
3.3584446907043457
3.3611111640930176
3.364656448364258
3.366741418838501
3.3681178092956543
3.367633104324341
3.3694021701812744
3.367950916290283
3.3684661388397217
3.3680360317230225
3.3677854537963867
3.36601185798645
3.3665735721588135
3.366250991821289
3.367098569869995
3.368117332458496
3.369755983352661
3.3703348636627197
3.3724260330200195
3.371736764907837
3.372199058532715
3.36763596534729
3.366793155670166
3.367724895477295
3.3664891719818115
3.3640785217285156
3.364501476287842
3.3623859882354736
3.362576723098755
3.364290475845337
3.360595941543579
3.362593412399292
3.362694501876831
3.3616819381713867
3.362861156463623
3.3621315956115723
3.3640053272247314
3.363237142562866
3.3638455867767334
3.3644793033599854
3.365813970565796
3.366741895675659
3.364666223526001
3.3659303188323975
3.3662405014038086
3.3705811500549316
3.3647003173828125
3.362964153289795
3.363779067993164
3.360903739929199
3.3615376949310303
3.362051486968994
3.3600685596466064
3.3591463565826416
3.357893943786621
3.3581783771514893
3.3583548069000244
3.3595616817474365
3.3607187271118164
3.3618874549865723
3.3607168197631836
3.35825252532959
3.358903408050537
3.360201358795166
3.3604347705841064
3.361624002456665
3.3622422218322754
3.363668918609619
3.3646650314331055
3.3624014854431152
3.3611152172088623
3.3594839572906494
3.3585216999053955
3.3591513633728027
3.358285665512085
3.359417676925659
3.3613719940185547
3.3606040477752686
3.3585667610168457
3.360128879547119
3.359469413757324
3.3593318462371826
3.3592047691345215
3.3582537174224854
3.3561112880706787
3.35503888130188
3.3543882369995117
3.3533854484558105
3.354360342025757
3.352736234664917
3.3530490398406982
3.354253053665161
3.3538525104522705
3.353480100631714
3.3548343181610107
3.3546910285949707
3.3543033599853516
3.3535172939300537
3.3538026809692383
3.354158401489258
3.3559696674346924
3.3541977405548096
3.355062246322632
3.355086088180542
3.35577392578125
3.3578720092773438
3.3584072589874268
3.3578884601593018
3.357668399810791
3.3597044944763184
3.3589255809783936
3.3592286109924316
3.358686923980713
3.3586196899414062
3.356358766555786
3.355273485183716
3.3568644523620605
3.3581185340881348
3.3544256687164307
3.3537354469299316
3.353288412094116
3.3547964096069336
3.356180191040039
3.3563175201416016
3.356757640838623
3.357245445251465
3.3575990200042725
3.3578901290893555
3.3583121299743652
3.3589909076690674
3.359279155731201
3.3591067790985107
3.3581111431121826
3.359844446182251
3.3586318492889404
3.35943341255188
3.3579494953155518
3.3570632934570312
3.356788396835327
3.3567612171173096
3.3573546409606934
3.3558084964752197
3.3548336029052734
3.3548038005828857
3.3557775020599365
3.3514280319213867
3.350740671157837
3.350459337234497
3.349546194076538
3.3501245975494385
3.350252628326416
3.3519608974456787
3.3503689765930176
3.348484516143799
3.349384069442749
3.34535551071167
3.343855857849121
3.3453481197357178
3.344475746154785
3.345174551010132
3.34591007232666
3.3471264839172363
3.344642162322998
3.344067335128784
3.340853452682495
3.3400909900665283
3.3387341499328613
3.338264226913452
3.3370370864868164
3.3374509811401367
3.336536407470703
3.3365540504455566
3.337601900100708
3.337564706802368
3.337472915649414
3.337568998336792
3.3357839584350586
3.3343756198883057
3.331986904144287
3.332298517227173
3.332857847213745
3.332164764404297
3.331744909286499
3.331533193588257
3.331998586654663
3.3300282955169678
3.3285646438598633
3.3271899223327637
3.3258774280548096
3.325601100921631
3.3214755058288574
3.3207852840423584
3.3205859661102295
3.321323871612549
3.321542978286743
3.3219215869903564
3.320702075958252
3.320957899093628
3.320192813873291
3.3198604583740234
3.3190698623657227
3.318793296813965
3.318675994873047
3.3180508613586426
3.318006753921509
3.3182568550109863
3.3181564807891846
3.3167166709899902
3.3154122829437256
3.3160037994384766
3.3158247470855713
3.314754009246826
3.3148393630981445
3.314354181289673
3.3124377727508545
3.3127048015594482
3.3098206520080566
3.311335802078247
3.309520721435547
3.3096961975097656
3.3094940185546875
3.310506820678711
3.309629201889038
3.309598922729492
3.307365655899048
3.3077890872955322
3.30830979347229
3.3069357872009277
3.306792736053467
3.3070621490478516
3.306577682495117
3.3061153888702393
3.305636405944824
3.304570198059082
3.305109977722168
3.3059568405151367
3.3063178062438965
3.3058485984802246
3.3061625957489014
3.303898572921753
3.3038618564605713
3.304725408554077
3.304763078689575
3.305060386657715
3.3058366775512695
3.3063111305236816
3.3068830966949463
3.30678653717041
3.306807518005371
3.307533025741577
3.3080523014068604
3.307861089706421
3.3077774047851562
3.307863712310791
3.307433605194092
3.3080177307128906
3.3083724975585938
3.3080661296844482
3.308899164199829
3.3090693950653076
3.308922290802002
3.309934139251709
3.3104090690612793
3.3106086254119873
3.3106672763824463
3.31024432182312
3.310171365737915
3.3097493648529053
3.3098530769348145
3.3080217838287354
3.307427406311035
3.308194637298584
3.3068370819091797
3.3070785999298096
3.3076272010803223
3.3076183795928955
3.308112382888794
3.307675361633301
2.598787784576416
2.8265764713287354
2.2537381649017334
2.234761953353882
2.430896282196045
2.45701265335083
2.531764030456543
2.5574934482574463
2.6311275959014893
2.7158071994781494
2.740445137023926
2.6816468238830566
2.6953110694885254
2.69579815864563
2.6865499019622803
2.7077341079711914
2.7104179859161377
2.7151694297790527
2.702775478363037
2.7308733463287354
2.75815486907959
2.7491085529327393
2.746704339981079
2.737316846847534
2.744169235229492
2.7469706535339355
2.7540979385375977
2.7517805099487305
2.7556426525115967
2.7623131275177
2.769550323486328
2.7612006664276123
2.762404441833496
2.7617011070251465
2.7523763179779053
2.764674425125122
2.7805399894714355
2.782564163208008
2.7766242027282715
2.770540952682495
2.775357961654663
2.7774765491485596
2.7798125743865967
2.7849795818328857
2.767268419265747
2.778164863586426
2.758272409439087
2.7683327198028564
2.767052412033081
2.769857406616211
2.768259286880493
2.775899648666382
2.7864527702331543
2.779904365539551
2.7966105937957764
2.803471088409424
2.7939116954803467
2.790001153945923
2.7966713905334473
2.7977802753448486
2.802764415740967
2.8007164001464844
2.78894305229187
2.789673328399658
2.7948036193847656
2.7808942794799805
2.7852089405059814
2.7720119953155518
2.7764732837677
2.764739990234375
2.7670462131500244
2.7700133323669434
2.769866704940796
2.776150703430176
2.778892755508423
2.7822206020355225
2.780242919921875
2.78498911857605
2.7883362770080566
2.7943978309631348
2.7935259342193604
2.792572021484375
2.7860801219940186
2.7901899814605713
2.7892425060272217
2.794401168823242
2.794050693511963
2.7954256534576416
2.791719913482666
2.7930526733398438
2.7784576416015625
2.7827696800231934
2.7794501781463623
2.7775471210479736
2.784982919692993
2.789642333984375
2.795417547225952
2.792764663696289
2.7930309772491455
2.7938103675842285
2.7894840240478516
2.787147045135498
2.7838943004608154
2.782249689102173
2.7845916748046875
2.786128282546997
2.7893528938293457
2.7906718254089355
2.7928149700164795
2.7903380393981934
2.787248373031616
2.787062644958496
2.787437677383423
2.7825353145599365
2.779008626937866
2.783931255340576
2.787285089492798
2.786461591720581
2.788335084915161
2.7880308628082275
2.782402992248535
2.787511110305786
2.7818219661712646
2.779599666595459
2.78110933303833
2.7768824100494385
2.781355619430542
2.7833690643310547
2.7836194038391113
2.7840254306793213
2.785581588745117
2.7803308963775635
2.7774014472961426
2.7806344032287598
2.7833240032196045
2.7835190296173096
2.7834789752960205
2.773347854614258
2.774404525756836
2.775425434112549
2.7798030376434326
2.782454013824463
2.781043291091919
2.7752718925476074
2.7684710025787354
2.7621986865997314
2.7616946697235107
2.7629716396331787
2.7632007598876953
2.763422727584839
2.7649011611938477
2.7667317390441895
2.760406017303467
2.758683204650879
2.7581710815429688
2.755825996398926
2.7573440074920654
2.750274896621704
2.7523317337036133
2.7507858276367188
2.749657392501831
2.7512576580047607
2.7566885948181152
2.7541651725769043
2.757122039794922
2.7542476654052734
2.7546958923339844
2.7519171237945557
2.7540664672851562
2.7577250003814697
2.754307508468628
2.755509614944458
2.755075454711914
2.757333278656006
2.7610208988189697
2.755995035171509
2.7546768188476562
2.7540841102600098
2.7525272369384766
2.752709150314331
2.7524819374084473
2.752959728240967
2.7520365715026855
2.752429246902466
2.7515621185302734
2.7552247047424316
2.7578225135803223
2.76161527633667
2.7623796463012695
2.761718988418579
2.7654519081115723
2.763902187347412
2.766658306121826
2.765573263168335
2.766077756881714
2.7631547451019287
2.765704393386841
2.7638297080993652
2.7658755779266357
2.7649645805358887
2.765702486038208
2.7663702964782715
2.764600992202759
2.76308012008667
2.7589614391326904
2.760341167449951
2.7595999240875244
2.7621448040008545
2.7617406845092773
2.761425733566284
2.759437322616577
2.7607977390289307
2.7609987258911133
2.761916399002075
2.7635464668273926
2.7626495361328125
2.762819290161133
2.764787435531616
2.7660720348358154
2.764845609664917
2.7652671337127686
2.7611515522003174
2.761967658996582
2.761766195297241
2.761638879776001
2.7611615657806396
2.7616560459136963
2.758885383605957
2.759280204772949
2.759918689727783
2.756457805633545
2.759478807449341
2.7606143951416016
2.7588064670562744
2.759331226348877
2.758340358734131
2.7612805366516113
2.7585487365722656
2.7582290172576904
2.758600950241089
2.7604990005493164
2.759420394897461
2.758326768875122
2.7593135833740234
2.76125431060791
2.756251335144043
2.755155086517334
2.7549667358398438
2.7553420066833496
2.758262872695923
2.7595064640045166
2.7600080966949463
2.757831335067749
2.7609825134277344
2.7591898441314697
2.758671998977661
2.757464647293091
2.756654977798462
2.7559759616851807
2.7539219856262207
2.756192207336426
2.755770683288574
2.755645275115967
2.7546889781951904
2.7526392936706543
2.750438928604126
2.7513015270233154
2.7503716945648193
2.751478433609009
2.74969744682312
2.7468531131744385
2.7447562217712402
2.7476468086242676
2.7473771572113037
2.74884033203125
2.749232292175293
2.7498574256896973
2.7522456645965576
2.7550740242004395
2.7538421154022217
2.7529797554016113
2.7520179748535156
2.7536439895629883
2.754221200942993
2.7540361881256104
2.7539772987365723
2.753870725631714
2.754030466079712
2.755331516265869
2.75350284576416
2.7536070346832275
2.7541580200195312
2.754836320877075
2.7549586296081543
2.756579637527466
2.7566580772399902
2.754661798477173
2.755666971206665
2.755988121032715
2.756284475326538
2.7571277618408203
2.7555654048919678
2.757650852203369
2.7584009170532227
2.7560153007507324
2.7573964595794678
2.7578632831573486
2.758476734161377
2.7567298412323
2.7553791999816895
2.7552850246429443
2.7570695877075195
2.7570297718048096
2.7569429874420166
2.758228302001953
2.7591769695281982
2.75864315032959
2.7537896633148193
2.7535598278045654
2.7516040802001953
2.7526633739471436
2.751049518585205
2.7506003379821777
2.7519848346710205
2.752805471420288
2.7533650398254395
2.754739761352539
2.754782199859619
2.7560644149780273
2.7583160400390625
2.7597999572753906
2.7602288722991943
2.756894588470459
2.7571065425872803
2.757274866104126
2.759420156478882
2.7596752643585205
2.761532783508301
2.761141538619995
2.7616701126098633
2.7621212005615234
2.7621123790740967
2.763127565383911
2.7631680965423584
2.7609946727752686
2.761521100997925
2.7611145973205566
2.7601611614227295
2.759122848510742
2.760441303253174
2.7609708309173584
2.7606146335601807
2.7627527713775635
2.7625534534454346
2.761704921722412
2.762962818145752
2.762286901473999
2.763352155685425
2.764374256134033
2.765470027923584
2.7660136222839355
2.7668800354003906
2.7638471126556396
2.7651236057281494
2.763505458831787
2.7644503116607666
2.764667510986328
2.767082691192627
2.767371892929077
2.766494035720825
2.767162322998047
2.767317295074463
2.7657883167266846
2.7667744159698486
2.768178939819336
2.7673749923706055
2.768270492553711
2.7671334743499756
2.766787528991699
2.7654013633728027
2.7635116577148438
2.759500503540039
2.758286952972412
2.7585768699645996
2.756779909133911
2.7573297023773193
2.7576894760131836
2.7562255859375
2.757935047149658
2.7586007118225098
2.759824514389038
2.760631561279297
2.759995460510254
2.759716272354126
2.7592387199401855
2.7597200870513916
2.760005235671997
2.7604970932006836
2.7586379051208496
2.7597320079803467
2.759035348892212
2.7581000328063965
2.756375312805176
2.756939172744751
2.758854866027832
2.758878231048584
2.7594106197357178
2.7550041675567627
2.7563278675079346
2.757683515548706
2.7582995891571045
2.7587890625
2.7598702907562256
2.763054609298706
2.761275291442871
2.760369062423706
2.762791156768799
2.7630789279937744
2.7647817134857178
2.7649943828582764
2.7661962509155273
2.764831066131592
2.764681100845337
2.7665958404541016
2.7678959369659424
2.768601894378662
2.768188953399658
2.7694101333618164
2.7692737579345703
2.7683498859405518
2.7684667110443115
2.768113374710083
2.767439842224121
2.7690236568450928
2.7657737731933594
2.766308546066284
2.7680742740631104
2.7686052322387695
2.770350694656372
2.7705788612365723
2.771167039871216
2.7721009254455566
2.7723865509033203
2.7721121311187744
2.7723805904388428
2.7726693153381348
2.773388385772705
2.772660493850708
2.771446704864502
2.7724783420562744
2.772683620452881
2.772874355316162
2.7739334106445312
2.7739973068237305
2.7742934226989746
2.7753748893737793
2.776536226272583
2.7753331661224365
2.776153564453125
2.7771425247192383
2.775435209274292
2.7755205631256104
2.7754273414611816
2.7751994132995605
2.775172710418701
2.7744667530059814
2.7751026153564453
2.7748827934265137
2.775111675262451
2.775782585144043
2.775545597076416
2.7765822410583496
2.7766573429107666
2.775554656982422
2.77546763420105
2.774522542953491
2.7752790451049805
2.7752809524536133
2.775496482849121
2.7751598358154297
2.774803876876831
2.774385690689087
2.7736010551452637
2.7739217281341553
2.7735183238983154
2.773679256439209
2.7746572494506836
2.77473783493042
2.7750205993652344
2.774622678756714
2.7744195461273193
2.7755825519561768
2.7764830589294434
2.777165412902832
2.778319835662842
2.7778663635253906
2.7773985862731934
2.7752442359924316
2.7758219242095947
2.775029420852661
2.774585723876953
2.7746269702911377
2.7739622592926025
2.7748231887817383
2.7758307456970215
2.7762486934661865
2.7750461101531982
2.775073289871216
2.775003433227539
2.7765443325042725
2.777329444885254
2.7778007984161377
2.7771620750427246
2.7753195762634277
2.775866746902466
2.7759931087493896
2.77567458152771
2.775587797164917
2.7770044803619385
2.7771801948547363
2.777181625366211
2.776113271713257
2.7756567001342773
2.7749125957489014
2.773069143295288
2.7714860439300537
2.768933057785034
2.767834186553955
2.7688040733337402
2.7701656818389893
2.7693030834198
2.7705342769622803
2.7704365253448486
2.7707371711730957
2.7707722187042236
2.7711880207061768
2.7710087299346924
2.7706637382507324
2.770493507385254
2.770949363708496
2.7714171409606934
2.770833730697632
2.7712666988372803
2.772132396697998
2.772710084915161
2.7727749347686768
2.772756814956665
2.773963451385498
2.7736213207244873
2.7739741802215576
2.775622606277466
2.7756941318511963
2.776195764541626
2.776771068572998
2.7772374153137207
2.7764153480529785
2.7772631645202637
2.777959108352661
2.778438091278076
2.3210229873657227
2.5385873317718506
2.5581929683685303
2.5661394596099854
2.4239141941070557
2.353459358215332
2.3948917388916016
2.369058609008789
2.3454105854034424
2.2485733032226562
2.2018039226531982
2.176607608795166
2.193594455718994
2.2191286087036133
2.1683337688446045
2.1792263984680176
2.197605609893799
2.1889243125915527
2.183448076248169
2.1733591556549072
2.1628055572509766
2.160536527633667
2.1586484909057617
2.1796600818634033
2.189255952835083
2.1941535472869873
2.1920690536499023
2.1915555000305176
2.1778340339660645
2.18428373336792
2.1977553367614746
2.1747004985809326
2.173499345779419
2.180988073348999
2.200395107269287
2.1953201293945312
2.1863625049591064
2.187858819961548
2.2028017044067383
2.1870806217193604
2.1813974380493164
2.1702497005462646
2.1750190258026123
2.1912548542022705
2.204697608947754
2.195141553878784
2.1969969272613525
2.2006661891937256
2.206902265548706
2.211479663848877
2.2169570922851562
2.216012477874756
2.212433338165283
2.213793992996216
2.2092013359069824
2.214904308319092
2.219756841659546
2.2233986854553223
2.2134203910827637
2.209695339202881
2.210170269012451
2.210184335708618
2.2189621925354004
2.2114758491516113
2.202415704727173
2.2024667263031006
2.202087640762329
2.1970841884613037
2.1914451122283936
2.1947779655456543
2.197685718536377
2.183244228363037
2.181351900100708
2.184243679046631
2.19042706489563
2.1962549686431885
2.2021358013153076
2.197110414505005
2.1936957836151123
2.196533441543579
2.1928043365478516
2.190925121307373
2.190936326980591
2.195345401763916
2.202775478363037
2.2031259536743164
2.2085280418395996
2.209547758102417
2.2035460472106934
2.1969587802886963
2.1967289447784424
2.196842670440674
2.2043001651763916
2.203848361968994
2.207451581954956
2.2162952423095703
2.2220563888549805
2.2219488620758057
2.223355293273926
2.222322463989258
2.2208399772644043
2.2195041179656982
2.219555616378784
2.2187602519989014
2.217437267303467
2.2141411304473877
2.217655658721924
2.218019962310791
2.2170517444610596
2.22084379196167
2.2238757610321045
2.2231175899505615
2.2307467460632324
2.2345776557922363
2.23421573638916
2.236311912536621
2.238888740539551
2.241353988647461
2.2477123737335205
2.2491586208343506
2.2479665279388428
2.2532918453216553
2.2534987926483154
2.250424861907959
2.253438949584961
2.2593111991882324
2.2634222507476807
2.2581586837768555
2.264486074447632
2.2666454315185547
2.26785945892334
2.272932767868042
2.275418281555176
2.277205228805542
2.2806026935577393
2.285475015640259
2.287928581237793
2.2830066680908203
2.2863361835479736
2.289710283279419
2.2925665378570557
2.2933146953582764
2.296731948852539
2.2952210903167725
2.2880356311798096
2.289278745651245
2.2889552116394043
2.2929790019989014
2.292973518371582
2.290407657623291
2.2915005683898926
2.2838590145111084
2.284501314163208
2.2841625213623047
2.2807137966156006
2.2776308059692383
2.278844118118286
2.2851765155792236
2.2869458198547363
2.288839817047119
2.289391040802002
2.2886815071105957
2.2884738445281982
2.2912373542785645
2.2901604175567627
2.291520118713379
2.294255256652832
2.294214963912964
2.295259714126587
2.2960100173950195
2.297170639038086
2.297428607940674
2.293757677078247
2.29614520072937
2.296405792236328
2.2984838485717773
2.2988312244415283
2.300377130508423
2.3014514446258545
2.299750566482544
2.300335645675659
2.3022050857543945
2.3049211502075195
2.304138422012329
2.304064989089966
2.3076226711273193
2.3091237545013428
2.3104963302612305
2.311511993408203
2.3126890659332275
2.3143503665924072
2.312303304672241
2.310410976409912
2.311694622039795
2.3107681274414062
2.3101837635040283
2.3117318153381348
2.310678005218506
2.3140709400177
2.3140816688537598
2.30938982963562
2.312166929244995
2.3104419708251953
2.31026554107666
2.313270092010498
2.3140549659729004
2.315701484680176
2.3162317276000977
2.3175947666168213
2.320063591003418
2.322643518447876
2.323692798614502
2.326305389404297
2.327631950378418
2.3291001319885254
2.3306984901428223
2.3321502208709717
2.3335647583007812
2.333125352859497
2.3347079753875732
2.332935333251953
2.335127830505371
2.335334539413452
2.3366992473602295
2.3387508392333984
2.338688850402832
2.3375089168548584
2.3381869792938232
2.3383524417877197
2.3368241786956787
2.338013172149658
2.3383102416992188
2.339491128921509
2.341693162918091
2.3404624462127686
2.3416638374328613
2.3392651081085205
2.3419179916381836
2.338718891143799
2.33774471282959
2.3374671936035156
2.339660406112671
2.340266704559326
2.340587615966797
2.3407185077667236
2.3409674167633057
2.3413543701171875
2.3419265747070312
2.343095064163208
2.342689275741577
2.344853639602661
2.3459980487823486
2.3472089767456055
2.347635507583618
2.348754405975342
2.348525047302246
2.350114345550537
2.3485867977142334
2.34918475151062
2.3478479385375977
2.3489744663238525
2.3431918621063232
2.344378709793091
2.346222400665283
2.3434202671051025
2.3447885513305664
2.344470977783203
2.3411881923675537
2.340571165084839
2.3391096591949463
2.3391952514648438
2.337794303894043
2.3371033668518066
2.338451385498047
2.3386592864990234
2.3388214111328125
2.337958574295044
2.3374669551849365
2.336530923843384
2.3362927436828613
2.3375561237335205
2.3388051986694336
2.3392333984375
2.34055495262146
2.341768980026245
2.3413870334625244
2.340571880340576
2.339719772338867
2.3379757404327393
2.337545871734619
2.337158203125
2.33768630027771
2.3372349739074707
2.339648723602295
2.3408968448638916
2.3411314487457275
2.340925693511963
2.341778039932251
2.3434665203094482
2.341341018676758
2.3428707122802734
2.342067003250122
2.3423116207122803
2.340324640274048
2.3418428897857666
2.34226131439209
2.3420565128326416
2.3436946868896484
2.3445920944213867
2.34529709815979
2.3467628955841064
2.3462610244750977
2.347466468811035
2.3488028049468994
2.3453526496887207
2.343735933303833
2.339651584625244
2.341679811477661
2.3420519828796387
2.344284772872925
2.343806028366089
2.343407154083252
2.3445165157318115
2.344778299331665
2.3450634479522705
2.3459384441375732
2.347490072250366
2.3497722148895264
2.351086378097534
2.3521924018859863
2.353165626525879
2.352353572845459
2.3538405895233154
2.354142904281616
2.354309320449829
2.355943202972412
2.3556442260742188
2.3576865196228027
2.358213424682617
2.3589234352111816
2.35906982421875
2.3591296672821045
2.3604788780212402
2.3600351810455322
2.3600962162017822
2.3619778156280518
2.3621387481689453
2.362309694290161
2.363511800765991
2.362313985824585
2.3646256923675537
2.3642795085906982
2.3632731437683105
2.363055944442749
2.3635191917419434
2.3624460697174072
2.361753463745117
2.3622353076934814
2.3626415729522705
2.3630027770996094
2.361328363418579
2.3616156578063965
2.362356185913086
2.360799551010132
2.3608756065368652
2.361576795578003
2.3606958389282227
2.359652042388916
2.3589375019073486
2.359189510345459
2.360962390899658
2.3604953289031982
2.3599631786346436
2.3614721298217773
2.360435962677002
2.3610408306121826
2.3589086532592773
2.358255624771118
2.357856512069702
2.3585848808288574
2.3585562705993652
2.358513355255127
2.3602771759033203
2.3587212562561035
2.359013080596924
2.359494686126709
2.359990119934082
2.3595774173736572
2.359461784362793
2.359663963317871
2.3606133460998535
2.360358238220215
2.360452175140381
2.361781597137451
2.3617641925811768
2.3614540100097656
2.361525535583496
2.3622117042541504
2.362128496170044
2.362175941467285
2.362597703933716
2.3630075454711914
2.363805055618286
2.363682746887207
2.3636839389801025
2.364211320877075
2.363215446472168
2.3638319969177246
2.3642938137054443
2.3643758296966553
2.3640308380126953
2.364392042160034
2.3641393184661865
2.3623995780944824
2.361560583114624
2.361931800842285
2.363151788711548
2.365234136581421
2.363828659057617
2.36464786529541
2.3639798164367676
2.363395929336548
2.36413836479187
2.3653981685638428
2.3658268451690674
2.3643343448638916
2.3658041954040527
2.364598035812378
2.3660643100738525
2.3669800758361816
2.368011236190796
2.3685872554779053
2.368075370788574
2.36903977394104
2.3697597980499268
2.369922161102295
2.3697521686553955
2.370379686355591
2.3701019287109375
2.3706774711608887
2.3697943687438965
2.369832992553711
2.3701539039611816
2.369755983352661
2.370392084121704
2.3708088397979736
2.3679850101470947
2.3685624599456787
2.3677494525909424
2.367798328399658
2.3682045936584473
2.368173360824585
2.369474411010742
2.3708741664886475
2.3717875480651855
2.3729755878448486
2.3739895820617676
2.374699354171753
2.374727487564087
2.376192808151245
2.3756253719329834
2.377070903778076
2.3769524097442627
2.3773348331451416
2.3775875568389893
2.3772122859954834
2.3770570755004883
2.3779654502868652
2.379366874694824
2.3792147636413574
2.3795838356018066
2.3798444271087646
2.3802402019500732
2.381046772003174
2.3812038898468018
2.378537893295288
2.378736972808838
2.379157304763794
2.3794455528259277
2.378840208053589
2.3767762184143066
2.3770875930786133
2.377720355987549
2.3776397705078125
2.377427101135254
2.3780722618103027
2.3785250186920166
2.3782105445861816
2.3796682357788086
2.379883289337158
2.3809947967529297
2.3815925121307373
2.3816442489624023
2.382591962814331
2.3825206756591797
2.3817288875579834
2.3814942836761475
2.381887435913086
2.383129835128784
2.3828587532043457
2.3819241523742676
2.3833868503570557
2.384188175201416
2.3847739696502686
2.3854639530181885
2.3847668170928955
2.384753704071045
2.385666608810425
2.38580584526062
2.3871846199035645
2.387035608291626
2.387763261795044
2.3868839740753174
2.387504816055298
2.3881452083587646
2.388061285018921
2.389127016067505
2.3898468017578125
2.388911008834839
2.3878564834594727
2.388202428817749
2.3883655071258545
2.388394355773926
2.3875951766967773
2.387101650238037
2.3873040676116943
2.3873331546783447
2.387667655944824
2.3893046379089355
2.3890774250030518
2.3897111415863037
2.390097141265869
2.3893415927886963
2.3903048038482666
2.391524076461792
2.392207622528076
2.3917348384857178
2.391941785812378
2.3929715156555176
2.3934109210968018
2.3937087059020996
2.394415855407715
2.3955557346343994
2.3963463306427
2.396564245223999
2.397453546524048
2.3962295055389404
2.3964216709136963
2.397230863571167
2.3978872299194336
2.398803234100342
2.3994314670562744
2.3982250690460205
2.398404121398926
2.3995418548583984
2.40053653717041
2.401369094848633
2.4019501209259033
2.402785062789917
2.2616019248962402
1.850426435470581
1.790865421295166
1.798154354095459
1.7892746925354004
1.7647563219070435
1.792175531387329
1.8348379135131836
1.8332716226577759
1.805679440498352
1.7967442274093628
1.804081916809082
1.795989751815796
1.8076447248458862
1.8467464447021484
1.8511993885040283
1.8227207660675049
1.7966787815093994
1.796639084815979
1.833541750907898
1.8472628593444824
1.8514024019241333
1.8608530759811401
1.8548121452331543
1.8656959533691406
1.865815281867981
1.8628146648406982
1.863477110862732
1.866397500038147
1.8557429313659668
1.849918246269226
1.8533138036727905
1.862810492515564
1.8650703430175781
1.8567368984222412
1.8677544593811035
1.8709089756011963
1.8644603490829468
1.8615174293518066
1.8545708656311035
1.839955449104309
1.8488465547561646
1.848160743713379
1.8477219343185425
1.8489925861358643
1.8500432968139648
1.8501248359680176
1.845024585723877
1.8525880575180054
1.8512153625488281
1.86333429813385
1.8688796758651733
1.8670741319656372
1.867918848991394
1.864671230316162
1.8632663488388062
1.8563205003738403
1.8604233264923096
1.8573230504989624
1.8539587259292603
1.8560773134231567
1.8611050844192505
1.869712233543396
1.8705006837844849
1.865828275680542
1.8650871515274048
1.8671706914901733
1.8753585815429688
1.8733078241348267
1.8719329833984375
1.8687721490859985
1.8704665899276733
1.8687289953231812
1.8705610036849976
1.8705401420593262
1.8672219514846802
1.8624681234359741
1.8684240579605103
1.8713014125823975
1.8642679452896118
1.865005612373352
1.8631274700164795
1.8695054054260254
1.866220474243164
1.8693917989730835
1.8730484247207642
1.869893193244934
1.8714312314987183
1.8702837228775024
1.8682122230529785
1.870186686515808
1.8660250902175903
1.857974648475647
1.8542349338531494
1.8568416833877563
1.85806143283844
1.8545736074447632
1.8578718900680542
1.8571466207504272
1.8603206872940063
1.862623691558838
1.8638495206832886
1.8593474626541138
1.8604669570922852
1.860632061958313
1.8636620044708252
1.8657522201538086
1.8604421615600586
1.8595205545425415
1.8590701818466187
1.8589260578155518
1.8570977449417114
1.8569681644439697
1.8561298847198486
1.8575694561004639
1.8480874300003052
1.8497918844223022
1.8493555784225464
1.842974066734314
1.8411023616790771
1.8428058624267578
1.8458001613616943
1.8485610485076904
1.8485170602798462
1.8499163389205933
1.849897027015686
1.8489147424697876
1.8511415719985962
1.8491878509521484
1.8476505279541016
1.8513509035110474
1.8499774932861328
1.8480392694473267
1.851727843284607
1.8531951904296875
1.853607416152954
1.8520231246948242
1.8521831035614014
1.8510892391204834
1.8536728620529175
1.8531283140182495
1.8535763025283813
1.8568016290664673
1.859960913658142
1.861925721168518
1.8614522218704224
1.8614691495895386
1.8637590408325195
1.86115562915802
1.8612958192825317
1.8604546785354614
1.8566251993179321
1.8599580526351929
1.8605551719665527
1.861371636390686
1.8633068799972534
1.8638118505477905
1.8610990047454834
1.8606206178665161
1.8632736206054688
1.8631620407104492
1.8614963293075562
1.860411286354065
1.858441710472107
1.8563945293426514
1.8547850847244263
1.8549896478652954
1.8540352582931519
1.8524892330169678
1.8531414270401
1.8524693250656128
1.8546701669692993
1.852752447128296
1.8526626825332642
1.8558801412582397
1.8543808460235596
1.8535493612289429
1.850235939025879
1.8487900495529175
1.8454093933105469
1.8460205793380737
1.8460172414779663
1.8451164960861206
1.845357894897461
1.8464571237564087
1.8458654880523682
1.8448530435562134
1.84438157081604
1.83944571018219
1.840501308441162
1.8402423858642578
1.8394798040390015
1.8384720087051392
1.838603138923645
1.8370819091796875
1.8373569250106812
1.8376058340072632
1.8376859426498413
1.837606430053711
1.8353581428527832
1.836911678314209
1.8340774774551392
1.8348019123077393
1.8321011066436768
1.8341357707977295
1.8327324390411377
1.8313671350479126
1.8316668272018433
1.8327586650848389
1.8356115818023682
1.835505485534668
1.8344329595565796
1.834132432937622
1.8348720073699951
1.8358534574508667
1.833328127861023
1.8329542875289917
1.8335857391357422
1.833717703819275
1.8350534439086914
1.8355897665023804
1.8360888957977295
1.8344192504882812
1.8345959186553955
1.835333228111267
1.835618495941162
1.8371683359146118
1.8371132612228394
1.8364094495773315
1.8359309434890747
1.8350472450256348
1.8346776962280273
1.8329153060913086
1.835129737854004
1.8343722820281982
1.8335686922073364
1.834062933921814
1.8337132930755615
1.8336091041564941
1.832948088645935
1.8325971364974976
1.832174301147461
1.8325873613357544
1.8314666748046875
1.8308309316635132
1.8299903869628906
1.829328179359436
1.8316400051116943
1.83302903175354
1.8320072889328003
1.83102285861969
1.83046555519104
1.8295619487762451
1.8305481672286987
1.8316961526870728
1.8311463594436646
1.8292537927627563
1.8286466598510742
1.8297549486160278
1.8286187648773193
1.8287162780761719
1.8264013528823853
1.8281755447387695
1.8264449834823608
1.8262991905212402
1.8253916501998901
1.8233147859573364
1.8248618841171265
1.8243818283081055
1.8256146907806396
1.8226516246795654
1.8207547664642334
1.8188780546188354
1.8203370571136475
1.8167771100997925
1.8171074390411377
1.8173601627349854
1.8180830478668213
1.8163235187530518
1.8160603046417236
1.8170835971832275
1.8173778057098389
1.816231608390808
1.8164178133010864
1.8169419765472412
1.8161513805389404
1.8163210153579712
1.8148343563079834
1.8132506608963013
1.812442660331726
1.8125468492507935
1.8125081062316895
1.8117882013320923
1.8125394582748413
1.8127925395965576
1.8132450580596924
1.8120311498641968
1.8117122650146484
1.8125505447387695
1.811981439590454
1.8115484714508057
1.8118979930877686
1.8093892335891724
1.8083817958831787
1.8070696592330933
1.8072853088378906
1.806262731552124
1.8069926500320435
1.805959939956665
1.8074461221694946
1.8058288097381592
1.8079243898391724
1.8071823120117188
1.8066096305847168
1.8076417446136475
1.8068197965621948
1.8073093891143799
1.8090993165969849
1.8099524974822998
1.8103108406066895
1.8119014501571655
1.8120046854019165
1.812532901763916
1.812193512916565
1.8136066198349
1.813254952430725
1.8124961853027344
1.8111085891723633
1.8114020824432373
1.8114498853683472
1.8113490343093872
1.8106614351272583
1.809884786605835
1.8111664056777954
1.8093311786651611
1.8104305267333984
1.8115513324737549
1.809723973274231
1.8105534315109253
1.8098207712173462
1.8108160495758057
1.8120291233062744
1.8117523193359375
1.8092910051345825
1.8095391988754272
1.8088966608047485
1.8084548711776733
1.8094820976257324
1.8096599578857422
1.8096071481704712
1.809203863143921
1.808664321899414
1.8086237907409668
1.809157133102417
1.808846354484558
1.8083360195159912
1.807631015777588
1.808768630027771
1.8096855878829956
1.8098266124725342
1.8081696033477783
1.8079874515533447
1.8097383975982666
1.8086040019989014
1.8070263862609863
1.807667851448059
1.8062857389450073
1.8066928386688232
1.8062516450881958
1.8075493574142456
1.808942437171936
1.8088469505310059
1.8093774318695068
1.8095887899398804
1.8087493181228638
1.8084497451782227
1.8080329895019531
1.8083397150039673
1.8077317476272583
1.8061374425888062
1.8062478303909302
1.8057150840759277
1.80574369430542
1.8058767318725586
1.8043445348739624
1.8032981157302856
1.802808403968811
1.8027058839797974
1.8021759986877441
1.8036757707595825
1.8026092052459717
1.8044583797454834
1.803104043006897
1.8029298782348633
1.801315188407898
1.8018971681594849
1.802350640296936
1.8017431497573853
1.8020695447921753
1.802582025527954
1.8026472330093384
1.8002015352249146
1.7995078563690186
1.7997409105300903
1.800201177597046
1.8007618188858032
1.800704836845398
1.8007051944732666
1.8002663850784302
1.8003135919570923
1.800355076789856
1.8007709980010986
1.8018275499343872
1.8027265071868896
1.80315363407135
1.802021861076355
1.8019052743911743
1.8013713359832764
1.8018807172775269
1.8027024269104004
1.8030211925506592
1.8029277324676514
1.8028651475906372
1.8031877279281616
1.8027918338775635
1.8025729656219482
1.8022656440734863
1.8020353317260742
1.8018523454666138
1.8016116619110107
1.8025496006011963
1.8026331663131714
1.8017332553863525
1.8017246723175049
1.801621913909912
1.7992419004440308
1.7989184856414795
1.7980049848556519
1.798477053642273
1.7973848581314087
1.7976709604263306
1.798254132270813
1.7982441186904907
1.7990649938583374
1.7984682321548462
1.799278974533081
1.7995449304580688
1.7978788614273071
1.7982826232910156
1.7976861000061035
1.7976006269454956
1.7984157800674438
1.7980092763900757
1.7970184087753296
1.7965115308761597
1.796105146408081
1.796243667602539
1.7970235347747803
1.7966376543045044
1.7974213361740112
1.7981890439987183
1.7975050210952759
1.7973796129226685
1.7972781658172607
1.7968573570251465
1.7965093851089478
1.7964411973953247
1.7959914207458496
1.7942852973937988
1.7939980030059814
1.7943367958068848
1.7939989566802979
1.7933087348937988
1.7919089794158936
1.7919756174087524
1.7928204536437988
1.7921080589294434
1.7929348945617676
1.7923634052276611
1.7929203510284424
1.7923316955566406
1.7915875911712646
1.7909626960754395
1.7897486686706543
1.788955569267273
1.7898668050765991
1.790078043937683
1.7897582054138184
1.7900460958480835
1.7904350757598877
1.790163278579712
1.7898157835006714
1.789454698562622
1.7871235609054565
1.786603569984436
1.78661048412323
1.7872580289840698
1.7867847681045532
1.7865216732025146
1.7858525514602661
1.7864845991134644
1.7870882749557495
1.7871631383895874
1.7869936227798462
1.7871365547180176
1.787285327911377
1.7873460054397583
1.787468433380127
1.786691665649414
1.7856330871582031
1.7858009338378906
1.7851754426956177
1.7844114303588867
1.7845054864883423
1.7840280532836914
1.7852846384048462
1.7858309745788574
1.7859463691711426
1.7866111993789673
1.786131739616394
1.785974383354187
1.7861638069152832
1.7865875959396362
1.786934733390808
1.7869598865509033
1.7875007390975952
1.7870025634765625
1.7867076396942139
1.7863487005233765
1.7864035367965698
1.7865219116210938
1.786761999130249
1.7869491577148438
1.7877848148345947
1.7882243394851685
1.7889909744262695
1.7890441417694092
1.789208173751831
1.788917064666748
1.7887651920318604
1.789101004600525
1.7893973588943481
1.7899667024612427
1.7902880907058716
1.7902095317840576
1.7904447317123413
1.7906848192214966
1.7907179594039917
1.7902326583862305
1.7903343439102173
1.7898962497711182
1.788997769355774
1.7889436483383179
1.7883968353271484
1.788190245628357
1.788313627243042
1.7884454727172852
1.787411093711853
1.7872214317321777
1.263562560081482
1.551216721534729
1.6849653720855713
1.7179254293441772
1.7038108110427856
1.6755067110061646
1.6266075372695923
1.6374926567077637
1.5637239217758179
1.5877604484558105
1.5617629289627075
1.5954636335372925
1.583544135093689
1.582822561264038
1.5748568773269653
1.5661835670471191
1.5498087406158447
1.5532392263412476
1.5651755332946777
1.5854853391647339
1.582586646080017
1.580946922302246
1.5944803953170776
1.576988697052002
1.5858256816864014
1.5709593296051025
1.5825209617614746
1.5763312578201294
1.5759682655334473
1.586175560951233
1.5838266611099243
1.5816329717636108
1.5911097526550293
1.5934553146362305
1.5873303413391113
1.580098032951355
1.581723928451538
1.5820403099060059
1.587340235710144
1.5761351585388184
1.5748095512390137
1.568615436553955
1.568433165550232
1.5798135995864868
1.5815644264221191
1.580999732017517
1.5805481672286987
1.588971495628357
1.5789052248001099
1.5763471126556396
1.5813124179840088
1.5797899961471558
1.5826951265335083
1.582720398902893
1.5918703079223633
1.5887972116470337
1.5918306112289429
1.595357060432434
1.5911785364151
1.586878776550293
1.5765093564987183
1.5841084718704224
1.5836127996444702
1.5821380615234375
1.5852922201156616
1.5931998491287231
1.5926090478897095
1.5922868251800537
1.5947445631027222
1.5871927738189697
1.58952796459198
1.5898075103759766
1.5964950323104858
1.5989727973937988
1.5988740921020508
1.6000100374221802
1.6005674600601196
1.5938900709152222
1.5933958292007446
1.591863751411438
1.5837063789367676
1.5861279964447021
1.5924519300460815
1.5929728746414185
1.5949575901031494
1.5915292501449585
1.5933716297149658
1.5929683446884155
1.599225640296936
1.599591612815857
1.6033061742782593
1.6038234233856201
1.6092708110809326
1.6132742166519165
1.617342472076416
1.6205376386642456
1.6180719137191772
1.6184890270233154
1.616039752960205
1.6145646572113037
1.6116639375686646
1.6133321523666382
1.6132056713104248
1.6181484460830688
1.614485740661621
1.6130574941635132
1.6134175062179565
1.613906741142273
1.6109561920166016
1.6121565103530884
1.6081981658935547
1.6102956533432007
1.6084270477294922
1.6073702573776245
1.6054850816726685
1.605971336364746
1.609365701675415
1.6140451431274414
1.6161770820617676
1.617207407951355
1.6194722652435303
1.619617223739624
1.6179618835449219
1.6161441802978516
1.6143654584884644
1.615411400794983
1.6182953119277954
1.6190389394760132
1.619086503982544
1.6164722442626953
1.6160415410995483
1.6179771423339844
1.6154428720474243
1.6156994104385376
1.6142178773880005
1.613139271736145
1.6170400381088257
1.615411400794983
1.6146618127822876
1.613700032234192
1.6159253120422363
1.6120257377624512
1.6153342723846436
1.612398386001587
1.6090502738952637
1.6075948476791382
1.6070443391799927
1.6061888933181763
1.606292963027954
1.6071785688400269
1.6083403825759888
1.6082828044891357
1.6084792613983154
1.6082818508148193
1.6053310632705688
1.607916235923767
1.6086066961288452
1.6072638034820557
1.6080241203308105
1.6085617542266846
1.6070785522460938
1.6072616577148438
1.6063650846481323
1.605162262916565
1.603479266166687
1.6045653820037842
1.6065152883529663
1.605841875076294
1.6073906421661377
1.6070835590362549
1.606289029121399
1.6051199436187744
1.6050493717193604
1.6018749475479126
1.601218581199646
1.6009043455123901
1.5997111797332764
1.5988175868988037
1.5996569395065308
1.5997108221054077
1.5984036922454834
1.597493290901184
1.5917075872421265
1.5916954278945923
1.5913264751434326
1.590674638748169
1.589644193649292
1.589582085609436
1.588589072227478
1.5895178318023682
1.5886335372924805
1.5903189182281494
1.5895302295684814
1.5900636911392212
1.5898773670196533
1.590044617652893
1.591034173965454
1.5912388563156128
1.5905903577804565
1.5916883945465088
1.5917171239852905
1.5944280624389648
1.5951176881790161
1.5965909957885742
1.5971572399139404
1.594953179359436
1.5939037799835205
1.592245101928711
1.5923372507095337
1.5900564193725586
1.5897183418273926
1.591084361076355
1.5912672281265259
1.590047836303711
1.5892714262008667
1.5888845920562744
1.5891320705413818
1.5892984867095947
1.5888726711273193
1.5880101919174194
1.5890127420425415
1.5894771814346313
1.5895084142684937
1.5905555486679077
1.5897561311721802
1.5903215408325195
1.5916211605072021
1.5914709568023682
1.592570185661316
1.5934937000274658
1.5933456420898438
1.5945650339126587
1.594650149345398
1.5939440727233887
1.5961871147155762
1.5960156917572021
1.5989748239517212
1.5960750579833984
1.5954170227050781
1.5935817956924438
1.5915946960449219
1.5941115617752075
1.5944141149520874
1.5938528776168823
1.5937175750732422
1.594985842704773
1.5944057703018188
1.5964996814727783
1.5944950580596924
1.595593810081482
1.596644401550293
1.5962475538253784
1.5958706140518188
1.5962605476379395
1.595762014389038
1.5942022800445557
1.5952965021133423
1.5956405401229858
1.5960745811462402
1.5959069728851318
1.5969477891921997
1.5972256660461426
1.5962021350860596
1.5956432819366455
1.594982385635376
1.5943026542663574
1.5933141708374023
1.5949417352676392
1.5952812433242798
1.5954734086990356
1.5951834917068481
1.5952482223510742
1.5936493873596191
1.5937199592590332
1.593674898147583
1.5947672128677368
1.5942355394363403
1.5934932231903076
1.5945600271224976
1.5938353538513184
1.5939198732376099
1.593527913093567
1.5934830904006958
1.5925897359848022
1.5917162895202637
1.5908507108688354
1.5917208194732666
1.5923062562942505
1.5927300453186035
1.5929896831512451
1.5939204692840576
1.5937883853912354
1.5948296785354614
1.5942243337631226
1.5944591760635376
1.594794511795044
1.5951646566390991
1.595550298690796
1.5962913036346436
1.5967880487442017
1.5967655181884766
1.5964975357055664
1.595956563949585
1.5959513187408447
1.5958352088928223
1.5948809385299683
1.593101143836975
1.5930317640304565
1.5941466093063354
1.592873215675354
1.5922601222991943
1.591073989868164
1.5916099548339844
1.5913305282592773
1.5929456949234009
1.5920056104660034
1.5928008556365967
1.5917695760726929
1.5913667678833008
1.5900442600250244
1.589592695236206
1.588623046875
1.5888850688934326
1.5894770622253418
1.590110182762146
1.5915966033935547
1.591092824935913
1.5905252695083618
1.590643048286438
1.5900123119354248
1.5896732807159424
1.5889798402786255
1.5904250144958496
1.5908312797546387
1.5907769203186035
1.5913941860198975
1.5915731191635132
1.5912091732025146
1.5923287868499756
1.592396855354309
1.592416524887085
1.5926181077957153
1.5920847654342651
1.593283772468567
1.5933181047439575
1.593214750289917
1.5928903818130493
1.5924961566925049
1.5920871496200562
1.589738368988037
1.5902550220489502
1.5897406339645386
1.5911277532577515
1.5905652046203613
1.5915080308914185
1.5897738933563232
1.59011709690094
1.5889759063720703
1.58673095703125
1.5856823921203613
1.585638403892517
1.5846176147460938
1.5846024751663208
1.5857183933258057
1.5853769779205322
1.5853707790374756
1.5863285064697266
1.587479591369629
1.5874427556991577
1.5883585214614868
1.5883177518844604
1.5879971981048584
1.5881531238555908
1.5884312391281128
1.5873903036117554
1.587655782699585
1.5877965688705444
1.5875383615493774
1.587196707725525
1.587433099746704
1.5876067876815796
1.588210940361023
1.5874589681625366
1.586669921875
1.5867308378219604
1.5860390663146973
1.5866152048110962
1.5875895023345947
1.5882223844528198
1.5886492729187012
1.587477684020996
1.5872231721878052
1.5886942148208618
1.5894510746002197
1.5892257690429688
1.5894439220428467
1.5885623693466187
1.5898163318634033
1.589768648147583
1.5894320011138916
1.590398907661438
1.590119481086731
1.591477870941162
1.5902823209762573
1.5910141468048096
1.5906202793121338
1.5913556814193726
1.5914088487625122
1.5910735130310059
1.590767741203308
1.5910098552703857
1.5908163785934448
1.5919253826141357
1.591284990310669
1.5907349586486816
1.5895057916641235
1.5903891324996948
1.5913094282150269
1.592087984085083
1.5917112827301025
1.5916762351989746
1.5924919843673706
1.592457890510559
1.5923737287521362
1.5914335250854492
1.5916355848312378
1.5912885665893555
1.5909756422042847
1.5917978286743164
1.5922468900680542
1.5930753946304321
1.5933666229248047
1.5939768552780151
1.594956398010254
1.5953741073608398
1.5946049690246582
1.5929927825927734
1.5924339294433594
1.5904583930969238
1.589497685432434
1.5892611742019653
1.5899924039840698
1.5907551050186157
1.5904252529144287
1.5905351638793945
1.5900107622146606
1.5896984338760376
1.5887326002120972
1.5887455940246582
1.5880228281021118
1.588008165359497
1.5884078741073608
1.5889278650283813
1.5893744230270386
1.5899605751037598
1.5907199382781982
1.5910570621490479
1.5907588005065918
1.591362476348877
1.5914132595062256
1.5911853313446045
1.5914177894592285
1.5919387340545654
1.5916439294815063
1.5920953750610352
1.5923007726669312
1.591653823852539
1.5913978815078735
1.5918430089950562
1.5923914909362793
1.5921956300735474
1.5920062065124512
1.5929054021835327
1.5926852226257324
1.5926036834716797
1.593416452407837
1.5921859741210938
1.592534065246582
1.5907145738601685
1.5915652513504028
1.591083288192749
1.5910518169403076
1.591357946395874
1.5897115468978882
1.589464783668518
1.5892701148986816
1.5903631448745728
1.5901415348052979
1.5902870893478394
1.589396595954895
1.589758276939392
1.5896257162094116
1.5890945196151733
1.5905462503433228
1.5898809432983398
1.5905689001083374
1.590983271598816
1.5910522937774658
1.5909948348999023
1.5909383296966553
1.5911961793899536
1.5913006067276
1.590912103652954
1.5918927192687988
1.5912960767745972
1.591156005859375
1.5910003185272217
1.5909202098846436
1.5908211469650269
1.5910789966583252
1.5901241302490234
1.5902478694915771
1.5897314548492432
1.5898470878601074
1.5901621580123901
1.5900828838348389
1.5902180671691895
1.5905274152755737
1.5898897647857666
1.5890930891036987
1.5887092351913452
1.5891352891921997
1.5894744396209717
1.5900321006774902
1.5906741619110107
1.5906834602355957
1.5903440713882446
1.590055227279663
1.590138554573059
1.5905600786209106
1.59110426902771
1.5913589000701904
1.5919275283813477
1.592327356338501
1.5926483869552612
1.5928200483322144
1.5925073623657227
1.5920870304107666
1.591318964958191
1.5913423299789429
1.5916296243667603
1.591934323310852
1.5923858880996704
1.5925140380859375
1.5924543142318726
1.5926032066345215
1.5930557250976562
1.59302818775177
1.592706322669983
1.5920336246490479
1.5925443172454834
1.5923975706100464
1.5925508737564087
1.5928312540054321
1.5923725366592407
1.5929051637649536
1.592962384223938
1.5925531387329102
1.5935043096542358
